#  Matrix made by matblas from blosum62.iij
#  * column uses minimum score
#  BLOSUM Clustered Scoring Matrix in 1/2 Bit Units
#  Blocks Database = /data/blocks_5.0/blocks.dat
#  Cluster Percentage: >= 62
#  Entropy =   0.6979, Expected =  -0.5209
   A  C  D  E  F  G  H  I  K  L  M  N  P  Q  R  S  T  V  W  Y  *
A  4  0 -2 -1 -2  0 -2 -1 -1 -1 -1 -2 -1 -1 -1  1  0  0 -3 -2 -5
C  0  9 -3 -4 -2 -3 -3 -1 -3 -1 -1 -3 -3 -3 -3 -1 -1 -1 -2 -2 -5
D -2 -3  6  2 -3 -1 -1 -3 -1 -4 -3  1 -1  0 -2  0 -1 -3 -4 -3 -5
E -1 -4  2  5 -3 -2  0 -3  1 -3 -2  0 -1  2  0  0 -1 -2 -3 -2 -5
F -2 -2 -3 -3  6 -3 -1  0 -3  0  0 -3 -4 -3 -3 -2 -2 -1  1  3 -5
G  0 -3 -1 -2 -3  6 -2 -4 -2 -4 -3  0 -2 -2 -2  0 -2 -3 -2 -3 -5
H -2 -3 -1  0 -1 -2  8 -3 -1 -3 -2  1 -2  0  0 -1 -2 -3 -2  2 -5
I -1 -1 -3 -3  0 -4 -3  4 -3  2  1 -3 -3 -3 -3 -2 -1  3 -3 -1 -5
K -1 -3 -1  1 -3 -2 -1 -3  5 -2 -1  0 -1  1  2  0 -1 -2 -3 -2 -5
L -1 -1 -4 -3  0 -4 -3  2 -2  4  2 -3 -3 -2 -2 -2 -1  1 -2 -1 -5
M -1 -1 -3 -2  0 -3 -2  1 -1  2  5 -2 -2  0 -1 -1 -1  1 -1 -1 -5
N -2 -3  1  0 -3  0  1 -3  0 -3 -2  6 -2  0  0  1  0 -3 -4 -2 -5
P -1 -3 -1 -1 -4 -2 -2 -3 -1 -3 -2 -2  7 -1 -2 -1 -1 -2 -4 -3 -5
Q -1 -3  0  2 -3 -2  0 -3  1 -2  0  0 -1  5  1  0 -1 -2 -2 -1 -5
R -1 -3 -2  0 -3 -2  0 -3  2 -2 -1  0 -2  1  5 -1 -1 -3 -3 -2 -5
S  1 -1  0  0 -2  0 -1 -2  0 -2 -1  1 -1  0 -1  4  1 -2 -3 -2 -5
T  0 -1 -1 -1 -2 -2 -2 -1 -1 -1 -1  0 -1 -1 -1  1  5  0 -2 -2 -5
V  0 -1 -3 -2 -1 -3 -3  3 -2  1  1 -3 -2 -2 -3 -2  0  4 -3 -1 -5
W -3 -2 -4 -3  1 -2 -2 -3 -3 -2 -1 -4 -4 -2 -3 -3 -2 -3 11  2 -5
Y -2 -2 -3 -2  3 -3  2 -1 -2 -1 -1 -2 -3 -1 -2 -2 -2 -1  2  7 -5
* -5 -5 -5 -5 -5 -5 -5 -5 -5 -5 -5 -5 -5 -5 -5 -5 -5 -5 -5 -5  1